0.80076,-0.21507,0.55904,0.20422
0.023738,0.94398,0.32916,0.012972
-0.59851,-0.25031,0.76101,0.0579
0,0,0,1
0.80976,-0.22061,0.54372,0.20374
0.032494,0.94207,0.33384,0.01272
-0.58587,-0.25266,0.77001,0.06021
0,0,0,1
0.81847,-0.22793,0.52741,0.2032
0.04316,0.93974,0.33914,0.012824
-0.57293,-0.25481,0.77899,0.062545
0,0,0,1
0.82622,-0.23752,0.51082,0.20264
0.056111,0.93696,0.3449,0.013391
-0.56054,-0.2563,0.78747,0.064762
0,0,0,1
0.83273,-0.24962,0.49422,0.20209
0.071093,0.93342,0.35166,0.014512
-0.5491,-0.2577,0.79503,0.066745
0,0,0,1
0.83651,-0.26361,0.48037,0.2014
0.086587,0.92925,0.35915,0.016448
-0.54106,-0.25884,0.80016,0.068772
0,0,0,1
0.83871,-0.2803,0.46691,0.20075
0.10462,0.92433,0.36697,0.018915
-0.53444,-0.25893,0.80457,0.070412
0,0,0,1
0.8391,-0.29982,0.45389,0.20013
0.12535,0.91851,0.375,0.021931
-0.52933,-0.25777,0.80831,0.071661
0,0,0,1
0.83722,-0.32196,0.44205,0.19955
0.14851,0.9118,0.38283,0.025495
-0.52631,-0.25486,0.8112,0.072401
0,0,0,1
0.83294,-0.34667,0.43131,0.19897
0.1742,0.90407,0.39027,0.029593
-0.52523,-0.24994,0.81343,0.072687
0,0,0,1
0.82619,-0.3735,0.4218,0.19835
0.20204,0.89529,0.39703,0.034185
-0.52592,-0.2428,0.81514,0.072531
0,0,0,1
0.81682,-0.40199,0.41377,0.19767
0.23172,0.88546,0.40282,0.039218
-0.52831,-0.23315,0.81641,0.071943
0,0,0,1
0.80526,-0.43127,0.40689,0.19683
0.26284,0.87478,0.40703,0.044559
-0.53148,-0.22082,0.81778,0.07112
0,0,0,1
0.79126,-0.46112,0.40159,0.19582
0.29527,0.86324,0.40942,0.050169
-0.53546,-0.20538,0.8192,0.070055
0,0,0,1
0.77552,-0.49043,0.39755,0.19456
0.3284,0.85119,0.40943,0.055918
-0.53919,-0.18697,0.82117,0.068971
0,0,0,1
0.7582,-0.51874,0.39503,0.19305
0.36177,0.83873,0.40701,0.061727
-0.54245,-0.16569,0.82358,0.067906
0,0,0,1
0.7394,-0.54415,0.39647,0.19105
0.39269,0.82689,0.40255,0.067628
-0.54689,-0.14195,0.82509,0.067345
0,0,0,1
0.72015,-0.56708,0.39977,0.18872
0.4225,0.81545,0.39564,0.073391
-0.55035,-0.11602,0.82683,0.067123
0,0,0,1
0.70094,-0.58729,0.40469,0.18612
0.45128,0.80459,0.38599,0.078858
-0.55229,-0.087924,0.829,0.067276
0,0,0,1
0.68207,-0.60469,0.41125,0.18327
0.47897,0.79435,0.37362,0.084005
-0.55261,-0.057858,0.83143,0.0678
0,0,0,1
0.66428,-0.61919,0.41874,0.18023
0.50533,0.78478,0.35883,0.088718
-0.5508,-0.026759,0.83421,0.06876
0,0,0,1
0.64731,-0.63098,0.4276,0.17705
0.53058,0.77578,0.34155,0.092977
-0.54724,0.0057864,0.83696,0.07008
0,0,0,1
0.63154,-0.64023,0.43734,0.17378
0.55441,0.7672,0.32254,0.096772
-0.54203,0.038772,0.83947,0.071735
0,0,0,1
0.61668,-0.64721,0.44814,0.17046
0.577,0.75887,0.30196,0.10011
-0.53551,0.072362,0.84142,0.073636
0,0,0,1
0.60262,-0.65242,0.45957,0.16714
0.5983,0.75045,0.28083,0.10303
-0.52811,0.10573,0.84257,0.075707
0,0,0,1
0.58864,-0.65632,0.47197,0.16385
0.61822,0.74165,0.2603,0.1056
-0.52088,0.13856,0.84231,0.077813
0,0,0,1
0.57424,-0.65937,0.48526,0.16065
0.63665,0.7323,0.24167,0.10787
-0.51471,0.17017,0.84031,0.079829
0,0,0,1
0.55934,-0.6623,0.4985,0.15755
0.65343,0.72232,0.22648,0.10994
-0.51007,0.19905,0.83679,0.081697
0,0,0,1
0.54331,-0.6656,0.51165,0.15462
0.66835,0.71174,0.21618,0.11185
-0.50805,0.22451,0.83155,0.083278
0,0,0,1
0.52601,-0.66985,0.52404,0.15188
0.68128,0.7007,0.21182,0.1137
-0.50909,0.2456,0.82493,0.08453
0,0,0,1
0.50721,-0.67576,0.53486,0.14937
0.69227,0.68912,0.21418,0.11552
-0.51332,0.26163,0.81734,0.085391
0,0,0,1
0.48765,-0.68338,0.54332,0.14711
0.70079,0.67755,0.22323,0.11734
-0.52067,0.27189,0.8093,0.085875
0,0,0,1
0.46776,-0.6929,0.54872,0.14513
0.70687,0.66597,0.23838,0.11918
-0.53061,0.27637,0.8013,0.085968
0,0,0,1
0.44863,-0.70355,0.55114,0.14342
0.71015,0.65503,0.25811,0.12101
-0.54261,0.27559,0.79349,0.085683
0,0,0,1
0.43113,-0.71492,0.55047,0.14201
0.7107,0.64494,0.281,0.12281
-0.55591,0.27007,0.78615,0.085048
0,0,0,1
0.41621,-0.72632,0.54701,0.14086
0.70872,0.63603,0.30526,0.12457
-0.56963,0.26063,0.77948,0.084122
0,0,0,1
0.40439,-0.73687,0.54174,0.13996
0.70442,0.62873,0.32937,0.12627
-0.58332,0.24842,0.77332,0.082903
0,0,0,1
0.39595,-0.74609,0.53533,0.1393
0.69818,0.62327,0.35225,0.12787
-0.59646,0.23428,0.76769,0.081432
0,0,0,1
0.39111,-0.75347,0.5285,0.13886
0.69017,0.62,0.37318,0.12937
-0.60885,0.2188,0.76251,0.079751
0,0,0,1
0.38914,-0.75897,0.52205,0.1386
0.68084,0.61871,0.39199,0.13078
-0.6205,0.2029,0.7575,0.077832
0,0,0,1
0.39009,-0.76252,0.51613,0.13852
0.67042,0.61944,0.40845,0.13204
-0.63116,0.18669,0.75285,0.075776
0,0,0,1
0.39301,-0.76421,0.5114,0.13861
0.65907,0.62193,0.42289,0.13321
-0.64123,0.17084,0.74809,0.07351
0,0,0,1
0.39748,-0.76421,0.50793,0.13888
0.647,0.62593,0.43544,0.13422
-0.6507,0.15555,0.74323,0.07108
0,0,0,1
0.40302,-0.76266,0.50589,0.1393
0.63427,0.63125,0.44635,0.13509
-0.65975,0.14099,0.73814,0.068495
0,0,0,1
0.40921,-0.7597,0.50538,0.13992
0.62114,0.63766,0.45561,0.13577
-0.66838,0.12748,0.73281,0.065766
0,0,0,1
0.41571,-0.75525,0.50673,0.14075
0.60743,0.64524,0.46336,0.13627
-0.67692,0.11518,0.72699,0.062862
0,0,0,1
0.42188,-0.74959,0.51003,0.14179
0.59356,0.65358,0.4696,0.13655
-0.68535,0.10462,0.72066,0.059781
0,0,0,1
0.42824,-0.74226,0.51542,0.1431
0.57912,0.66327,0.47402,0.13654
-0.69371,0.095495,0.7139,0.056538
0,0,0,1
0.4347,-0.73296,0.52326,0.14471
0.56401,0.67455,0.47632,0.1362
-0.70209,0.088067,0.70662,0.053149
0,0,0,1
0.44112,-0.72143,0.53381,0.14665
0.54808,0.68756,0.4763,0.13548
-0.71065,0.082462,0.6987,0.049546
0,0,0,1
0.44812,-0.70711,0.54698,0.14896
0.53093,0.70276,0.47353,0.13427
-0.71924,0.078214,0.69035,0.045836
0,0,0,1
0.45561,-0.68965,0.56285,0.15167
0.5124,0.72022,0.46769,0.13252
-0.72792,0.07532,0.68151,0.041974
0,0,0,1
0.46431,-0.6686,0.58085,0.1548
0.49193,0.74005,0.45862,0.13011
-0.73649,0.072791,0.67252,0.038101
0,0,0,1
0.47395,-0.64403,0.6005,0.15834
0.46956,0.76175,0.44637,0.127
-0.74491,0.070414,0.66344,0.034179
0,0,0,1
0.48489,-0.61618,0.62065,0.16225
0.44504,0.78475,0.43141,0.12314
-0.75288,0.067025,0.65474,0.030358
0,0,0,1
0.49692,-0.58525,0.64074,0.16648
0.41818,0.80847,0.41413,0.11848
-0.76039,0.062156,0.64649,0.026687
0,0,0,1
0.51025,-0.55197,0.65953,0.17094
0.38927,0.83204,0.39518,0.11303
-0.76689,0.055097,0.63942,0.023366
0,0,0,1
0.52432,-0.51722,0.67643,0.17552
0.35825,0.85465,0.3758,0.10685
-0.77249,0.045291,0.63341,0.020372
0,0,0,1
0.53907,-0.48212,0.69062,0.18007
0.32565,0.8755,0.357,0.10004
-0.77676,0.032454,0.62896,0.017845
0,0,0,1
0.55407,-0.44757,0.70192,0.18447
0.29172,0.8941,0.33983,0.092759
-0.77968,0.01647,0.62596,0.015838
0,0,0,1
0.56867,-0.4146,0.71044,0.18859
0.25732,0.91,0.32509,0.085156
-0.78128,-0.0020562,0.62417,0.014357
0,0,0,1
0.58237,-0.38434,0.71633,0.19234
0.22286,0.9229,0.31398,0.077467
-0.78178,-0.023207,0.62312,0.013367
0,0,0,1
0.59472,-0.35749,0.72008,0.19566
0.1892,0.93277,0.30682,0.069851
-0.78136,-0.046232,0.62237,0.01288
0,0,0,1
